00 02 b3 9c ae ba 00 02 b3 9c df 1b 00 03 f0 f0
7f 00 00 00 00 00 00 00 00 00 00 00 00 00 00 00
00 00 00 00 00 00 00 00 00 00 00 00 00 00 00 00
00 00 00 00 00 00 00 00 00 00 00 00 43 05 90 6d

00 02 b3 9c ae ba 00 02 b3 9c df 1b 00 04 f0 f1
01 06 00 00 00 00 00 00 00 00 00 00 00 00 00 00
00 00 00 00 00 00 00 00 00 00 00 00 00 00 00 00
00 00 00 00 00 00 00 00 00 00 00 00 00 20 96 6d

ff ff ff ff ff ff 00 25 11 a7 81 35 08 06 00 01
08 00 06 04 00 01 00 25 11 a7 81 35 08 19 64 0b
00 00 00 00 00 00 08 19 64 01 00 00 00 00 00 00
00 00 00 00 00 00 00 00 00 00 00 00

01 00 5e 7f ff fa 00 25 11 a7 7f 4d 08 00 45 00
02 ac 12 6e 00 00 01 11 48 8a 08 19 64 36 ef ff
ff fa c7 17 0e 76 02 98 47 5e 3c 3f 78 6d 6c 20
76 65 72 73 69 6f 6e 3d 22 31 2e 30 22 20 65 6e
63 6f 64 69 6e 67 3d 22 75 74 66 2d 38 22 3f 3e
3c 73 6f 61 70 3a 45 6e 76 65 6c 6f 70 65 20 78
6d 6c 6e 73 3a 73 6f 61 70 3d 22 68 74 74 70 3a
2f 2f 77 77 77 2e 77 33 2e 6f 72 67 2f 32 30 30
33 2f 30 35 2f 73 6f 61 70 2d 65 6e 76 65 6c 6f
70 65 22 20 78 6d 6c 6e 73 3a 77 73 61 3d 22 68
74 74 70 3a 2f 2f 73 63 68 65 6d 61 73 2e 78 6d
6c 73 6f 61 70 2e 6f 72 67 2f 77 73 2f 32 30 30
34 2f 30 38 2f 61 64 64 72 65 73 73 69 6e 67 22
20 78 6d 6c 6e 73 3a 77 73 64 3d 22 68 74 74 70
3a 2f 2f 73 63 68 65 6d 61 73 2e 78 6d 6c 73 6f
61 70 2e 6f 72 67 2f 77 73 2f 32 30 30 35 2f 30
34 2f 64 69 73 63 6f 76 65 72 79 22 3e 3c 73 6f
61 70 3a 48 65 61 64 65 72 3e 3c 77 73 61 3a 54
6f 3e 75 72 6e 3a 73 63 68 65 6d 61 73 2d 78 6d
6c 73 6f 61 70 2d 6f 72 67 3a 77 73 3a 32 30 30
35 3a 30 34 3a 64 69 73 63 6f 76 65 72 79 3c 2f
77 73 61 3a 54 6f 3e 3c 77 73 61 3a 41 63 74 69
6f 6e 3e 68 74 74 70 3a 2f 2f 73 63 68 65 6d 61
73 2e 78 6d 6c 73 6f 61 70 2e 6f 72 67 2f 77 73
2f 32 30 30 35 2f 30 34 2f 64 69 73 63 6f 76 65
00 02 b3 9c ae ba 00 02 b3 9c df 1b 00 12 f0 f0
00 01 0e 00 ff ef 19 8f bc 05 7f 00 23 00 7f 23
00 00 00 00 00 00 00 00 00 00 00 00 00 00 00 00
00 00 00 00 00 00 00 00 00 00 00 00 00 41 91 6d

00 02 b3 9c ae ba 00 02 b3 9c df 1b 00 12 f0 f0 
00 01 0e 00 ff ef 19 8f bc 05 7f 00 23 00 7f 23 
00 00 00 00 00 00 00 00 00 00 00 00 00 00 00 00 
00 00 00 00 00 00 00 00 00 00 00 00 00 41 91 6d 

ff ff ff ff ff ff 00 25 11 a7 81 7c 08 00 45 00
00 4e 4b 28 00 00 80 11 16 26 08 19 64 20 08 19
64 ff 00 89 00 89 00 3a 1b 11 c8 97 01 10 00 01
00 00 00 00 00 00 20 46 48 46 41 45 42 45 45 43
41 43 41 43 41 43 41 43 41 43 41 43 41 43 41 43
41 43 41 43 41 41 41 00 00 20 00 01

00 02 b3 9c ae ba 00 02 b3 9c df 1b 00 91 f0 f0
04 04 0e 00 ff ef 16 0c 00 00 28 00 28 00 7f 23
ff 53 4d 42 73 00 00 00 00 10 00 00 00 00 00 00
00 00 00 00 00 00 00 00 00 00 00 00 00 00 82 09
0d 75 00 5d 00 68 0b 02 00 00 00 7f 07 00 80 00
00 00 00 00 00 00 00 01 00 00 00 20 00 00 00 45
53 43 4f 4d 00 57 69 6e 64 6f 77 73 20 34 2e 30
00 57 69 6e 64 6f 77 73 20 34 2e 30 00 04 ff 00
00 00 02 00 02 00 17 00 20 00 5c 5c 50 52 4f 47
59 44 45 53 41 5c 49 50 43 24 00 49 50 43 00 00

